1256
1259
1260
1264
1268
1269
1271
1293
1294
1295
1301
1303
1304
1305
1307
1308
1309
1310
1312
1313
1314
1315
1316
1319
1321
1323
1324
1325
1326
1336
1337
1338
1339
1340
1341
1342
1343
1402
1409
1410
1413
1414
1416
1417
1418
1419
1423
1432
1434
1435
1436
1437
1438
1439
1440
1441
1442
1443
1444
1445
1446
1447
1449
1451
1452
1453
1454
1455
1456
1457
1459
1460
1463
1464
1465
1466
1467
1468
1470
1471
1472
1473
1474
1475
1476
1477
1480
1503
1504
1506
1512
1513
1514
1515
1516
1517
1519
1521
1522
1524
1525
1526
1527
1528
1529
1530
1531
1532
1533
1535
1536
1537
1538
1539
1540
1541
1558
1560
1563
1565
1568
1569
1570
1580
1582
1583
1584
1586
1587
1589
1590
1591
1593
1594
1595
1597
1598
1599
1603
1604
1605
1608
1609
1611
1612
1614
1615
1616
1617
1618
1623
1626
1702
1707
1708
1709
1710
1711
1712
1713
1714
1717
1718
1720
1721
1722
1723
1725
1726
1727
1730
1731
1732
1733
1734
1735
1736
1737
1742
1752
1760
1762
1773
1776
1777
1780
1781
1783
1784
1785
1786
1788
1789
1795
1796
1799
1802
1805
1806
1808
1809
1810
1813
1815
1817
1903
1904
1905
1906
1907
1909
2002
2006
2007
2008
2009
2010
2012
2013
2014
2015
2017
2020
2022
2023
2024
2025
2027
2028
2029
2030
2031
2032
2033
2034
2035
2038
2049
2059
2061
2062
2063
2064
2065
2066
2067
2069
2070
2903
2904
2905
2906
2908
2910
2911
2912
2913
2915
2916
2923
2924
2926
2929
2937
2938
2939
2940
2941
2942
2945
2947
2948
2949
3002
3003
3004
3005
3006
3008
3010
3011
3013
3014
3015
3016
3017
3018
3019
3021
3022
3023
3024
3025
3026
3027
3028
3029
3030
3031
3032
3033
3034
3035
3036
3037
3038
3040
3041
3042
3043
3044
3045
3046
3047
3048
3049
3050
3051
3052
3054
3055
3056
3057
3058
3059
3060
3062
3064
3066
3067
3071
3073
3078
3081
3083
3085
3086
3088
3090
3092
3093
3094
3095
3097
3105
3114
3115
3117
3118
3122
3128
3130
3131
3135
3138
3141
3147
3149
3150
3152
3158
3162
3163
3164
3167
3168
3169
3171
3176
3178
3184
3188
3189
3191
3205
3206
3207
3209
3211
3213
3217
3218
3219
3221
3224
3226
3227
3228
3229
3230
3231
3232
3234
3236
3252
3257
3259
3260
3264
3265
3266
3268
3272
3276
3284
3285
3287
3288
3289
3290
3293
3294
3296
3297
3303
3305
3306
3308
3310
3311
3312
3313
3317
3321
3322
3323
3324
3325
3332
3338
3339
3346
3349
3354
3356
3357
3360
3362
3363
3372
3373
3374
3376
3379
3380
3388
3390
3402
3406
3413
3416
3419
3426
3430
3432
3434
3437
3438
3441
3443
3444
3447
3450
3454
3455
3465
3466
3467
3473
3479
3481
3483
3484
3485
3489
3490
3491
3492
3494
3498
3499
3501
3504
3508
3511
3512
3515
3516
3518
3520
3521
3522
3523
3526
3527
3528
3529
3530
3531
3532
3533
3535
3537
3540
3541
3543
3545
3546
3548
3550
3551
3552
3555
3556
3557
3558
3563
3564
3567
3570
3576
3577
3580
3581
3583
3585
3587
3588
3591
3592
3593
3594
3595
3596
3597
3603
3605
3607
3609
3611
3615
3616
3617
3622
3623
3624
3625
3628
4968
4971
4972
4973
4974
4976
4977
4979
4980
4987
4989
4991
4994
4995
4999
5007
5009
5011
5013
5014
5015
5016
5201
5202
5203
5205
5206
5209
5210
5211
5212
5213
5215
5220
5222
5223
5225
5227
5228
5230
5234
5236
5240
5243
5244
5245
5246
5248
5251
5254
5258
5262
5263
5267
5269
5271
5272
5274
5276
5278
5283
5284
5285
5287
5288
5289
5291
5292
5297
5299
5301
5302
5306
5309
5310
5312
5314
5315
5321
5324
5328
5340
5344
5345
5347
5348
5351
5353
5355
5356
5364
5371
5381
5386
5388
5392
5398
5403
5410
5425
5426
5432
5434
5438
5439
5443
5450
5452
5455
5457
5460
5464
5465
5468
5469
5471
5474
5475
5478
5481
5483
5484
5487
5488
5489
5490
5493
5498
5508
5511
5512
5514
5515
5516
5519
5520
5521
5522
5523
5525
5529
5530
5531
5533
5534
5536
5538
5543
5546
5547
5548
5601
5603
5604
5607
5608
5609
5701
5703
5704
5706
5859
5863
5864
5871
5876
5878
5880
5902
5903
5904
5905
5906
5907
6005
6015
6016
6020
6021
6023
6024
6026
6027
6028
6035
6101
6103
6104
6108
6109
6111
6112
6113
6114
6115
6116
6117
6118
6120
6121
6122
6123
6124
6125
6126
6127
6128
6129
6130
6133
6134
6136
6138
6139
6140
6141
6142
6143
6144
6146
6147
6148
6150
6151
6152
6153
6154
6155
6156
6158
6160
6161
6163
6164
6165
6166
6167
6168
6169
6170
6171
6173
6174
6175
6176
6177
6179
6180
6182
6183
6184
6185
6186
6187
6188
6189
6190
6191
6192
6194
6195
6196
6197
6198
6199
6201
6202
6203
6204
6205
6206
6207
6208
6209
6210
6212
6213
6214
6215
6216
6217
6218
6219
6220
6221
6222
6223
6224
6225
6226
6227
6228
6229
6230
6231
6233
6234
6235
6236
6237
6239
6782
6784
6785
6786
6787
6788
6789
6790
6791
6792
6793
6794
6796
6797
6798
6799
6803
6804
6805
6806
6807
6808
6810
6811
6812
6814
6815
6816
6817
6818
6819
6820
6821
6823
6825
6826
6827
6829
6830
6831
6832
6833
6834
6835
6838
6839
6840
6841
6842
6843
6844
6846
6847
6848
6849
6850
6854
6855
6856
6857
6858
6859
6861
6862
6863
6864
6865
6867
6868
6869
6870
6872
6873
6874
6875
6876
6877
6878
6879
6881
6882
6883
6884
6885
6886
6887
6890
6891
6892
6894
6895
6898
6899
6901
6902
6903
6904
6906
6907
6908
6909
6910
6911
6912
6913
6914
6915
6916
6917
6918
6919
6920
6921
6922
6923
6924
6925
6926
6927
6928
6929
6931
6932
6933
6934
6935
6936
6937
6938
6939
6940
6944
6945
6946
6947
6949
6951
6952
6953
6955
6957
6958
6959
6961
6962
6963
6965
6967
6968
6969
6971
6972
6973
6976
6977
6979
6980
6982
6983
6984
6986
6987
6988
6990
6994
6995
6996
6997
6999
7402
7419
7427
7443
7455
7507
7516
7530
7547
7551
7556
7558
7561
7562
7566
7575
7578
7583
7584
7590
7595
7607
7610
7631
7642
7669
7689
7702
7703
7704
7705
7706
7707
7708
7709
7710
7711
7712
7713
7714
7715
7716
7717
7718
7719
7721
7722
7723
7724
7725
7726
7728
7729
7730
7731
7732
7734
7736
7737
7738
7740
7742
7743
7744
7745
7747
7748
7749
7750
7751
7752
7753
7754
7756
7757
7758
7759
7760
7761
7762
7763
7764
7765
7767
7768
7769
7770
7772
7773
7776
7777
7779
7780
7781
7782
7783
7785
7786
7788
7789
7790
7791
7792
7794
7795
7796
7797
7798
7799
7801
7803
7805
7806
7808
7810
7811
7812
7813
7814
7815
7816
7818
7819
7820
7821
7822
7823
7824
7825
7826
7827
7828
