1480
2761
2940
3454
3473
3616
4562
4570
4773
6275
6276
6277
6278
6279
6281
6282
6283
6284
6285
6290
6291
6294
6405
6407
6409
6411
6412
6414
6415
6416
6417
6418
6428
6518
6539
6583
6604
6617
6659
6744
6848
6849
6857
6907
6913
6946
6972
7443
7455
7551
7669
7706
7710
7724
7726
7745
7748
7756
7758
7763
7764
7772
7776
7779
7785
7794
7797
7798
7803
7824
7831
7836
7839
7840
7847
7848
7849
7850
7851
7853
7854
7855
7856
7857
7858
7860
7862
7863
7865
7866
7867
7868
7869
7870
7871
7872
7875
7876
7877
7878
7880
7881
7882
7887
7888
7889
7891
7893
8058
8329
8999
