2496
2497
2498
2501
2504
2505
2506
2509
2511
2514
2515
2516
2520
2524
2527
2528
2530
2534
2535
2536
2537
2538
2539
2540
2542
2543
2545
2546
2547
2548
2596
2597
2601
2603
2605
2606
2607
2608
2609
2610
2611
2612
2613
2614
2615
2616
2617
2618
2630
2633
2634
2636
2637
2640
2641
2642
2643
2644
2645
2646
2701
2702
2704
2705
2706
2707
2712
2718
2719
2722
2723
2724
2726
2727
2729
2731
2732
2733
2734
2736
2739
2740
2741
2743
2745
2748
2751
2752
2753
2754
2755
2756
2758
2760
2761
2762
2801
2812
2816
2820
2832
2834
2836
2838
2845
2849
2850
2851
2852
2855
2867
2880
2881
2882
2883
2884
2885
2886
2887
2889
2890
2891
2892
2897
2901
4538
4540
4541
4542
4543
4544
4545
4546
4549
4550
4551
4552
4553
4554
4555
4556
4557
4558
4559
4560
4561
4562
4563
4564
4565
4566
4568
4569
4570
4571
4572
4573
4575
4576
4577
4580
4581
4582
4583
4584
4585
4587
4588
4589
4590
4609
4702
4706
4707
4711
4714
4716
4720
4721
4722
4724
4726
4728
4729
4732
4735
4736
4737
4738
4739
4741
4743
4744
4745
4746
4747
4749
4754
4755
4760
4763
4764
4765
4766
4767
4768
4770
4771
4772
4773
4804
4806
4807
4903
4904
4905
4906
4907
4908
4909
4911
4912
4915
4916
4919
4923
4924
4925
4927
4930
4931
4933
4934
4935
4938
4939
4942
4943
4946
4949
4950
4951
4952
4953
4956
4958
4960
4961
4966
6595
6596
6597
6598
6599
6603
6604
6605
6606
6609
6610
6612
6613
6614
6615
6616
6617
6618
6620
6621
6622
6624
6625
6629
6634
6637
6638
6639
6640
6641
6642
6643
6645
6648
6649
6650
6651
6652
6654
6655
6657
6658
6659
6661
6662
6664
6665
6666
6667
6668
6669
6670
6671
6672
6673
6674
6676
6677
6679
6680
6682
6683
6684
6689
6690
6691
6692
6693
6695
6696
6697
6698
6703
6704
6705
6706
6707
6708
6709
6712
6715
6716
6719
6720
6721
6722
6723
6725
6727
6728
6729
6730
6732
6733
6734
6735
6737
6738
6739
6741
6742
6743
6744
6748
6750
6751
6752
6753
6754
6755
6756
6757
6758
6761
6762
6763
6767
6768
6770
6771
6775
6776
6780
6781
8367
8374
8383
8390
8401
8403
8404
8409
8410
8411
8415
8416
8421
8422
8423
8424
8426
8429
8431
8432
8433
8435
8436
8437
8438
8440
8442
8443
8444
8446
8450
8454
8455
8458
8462
8463
8464
8466
8467
8472
8473
8476
8477
8478
8481
8482
8487
8488
8489
8499
8905
8906
8908
8916
8917
8921
8923
8924
8926
8927
8928
8929
8930
8931
8932
8933
8935
8936
8937
8938
8940
8941
8942
8996
8999
9103
9105
9110
9136
9802
9902
9904
9905
9906
9907
9908
9910
9911
9912
9914
9917
9918
9919
9921
9924
9925
9926
9927
9928
9929
9930
9931
9933
9934
9935
9937
9938
9939
9940
9941
9942
9943
9944
9945
9946
9949
9950
9951
9955
9957
9958
9960
9962
